1.00419	536
1.0093	1072
1.01528	1608
1.02167	2144
1.02999	2680
1.03831	3216
1.04663	3752
1.05495	4288
1.06327	4824
1.07159	5360
1.07991	5896
1.08823	6432
1.09655	6968
1.10487	7504
1.11319	8040
1.12151	8576
1.12983	9112
RxDrop at 1.13696
1.13815	9648
1.1548	1072
1.15978	1608
1.16476	1072
RxDrop at 1.4032
1.6245	1876
1.62953	1608
RxDrop at 1.63342
1.64465	1072
1.64968	2412
1.65471	2144
1.7503	1904
1.7518	1576
1.75622	1072
RxDrop at 2.53382
RxDrop at 2.54714
3.53088	536
3.53591	1072
3.54183	1608
RxDrop at 3.5759
3.58493	1072
3.58996	2412
3.59501	2144
4.10283	2056
4.10458	2112
4.10928	1072
RxDrop at 5.8535
5.87395	1876
5.87892	1608
5.8839	1072
RxDrop at 6.50246
6.52291	1876
6.52788	1608
6.53872	1072
RxDrop at 7.41024
7.63154	1876
7.63657	1608
RxDrop at 7.63951
7.64854	1072
7.65357	2412
7.65862	2144
7.7561	1904
7.76087	1576
7.83575	1072
RxDrop at 8.20472
8.22518	1876
8.23021	1576
8.26007	1072
